t = 0
b =  20.0 20.0 20.0
E = 0. 0. 0.
14.170145553946073 5.730245650181174 16.00956312313909 -0.561389375265625 0.2439271367373172 0.7907853825798788 0.7324391341621993 0.5912387194566775 0.33759397412121556 0.0 0.0 0.0 0.0 0.0 0.0
14.256118278039963 6.2589451835177545 16.051641577007025 -0.22888130185505562 -0.25316726655861144 0.9399572781804373 0.7324391341621993 0.5912387194566775 0.33759397412121556 0.0 0.0 0.0 0.0 0.0 0.0
14.289917502174232 6.729935230476381 16.307983322011992 0.1905826048215477 -0.6540791925579487 0.732023688552615 0.7324391341621993 0.5912387194566775 0.33759397412121556 0.0 0.0 0.0 0.0 0.0 0.0
14.367160037074264 7.051827904910792 16.73118988985568 0.5376409935552144 -0.8064954976835935 0.2459820608602482 0.7324391341621993 0.5912387194566775 0.33759397412121556 0.0 0.0 0.0 0.0 0.0 0.0
14.566957853372106 7.189879905271811 17.210468076212305 0.6804405799591995 -0.6525106793535849 -0.3335122643536689 0.7324391341621993 0.5912387194566775 0.33759397412121556 0.0 0.0 0.0 0.0 0.0 0.0
14.92186212128174 7.179192075742902 17.613722131415532 0.5647294136768631 -0.2506261445403639 -0.786299704311924 0.7324391341621993 0.5912387194566775 0.33759397412121556 0.0 0.0 0.0 0.0 0.0 0.0
15.405496476808251 7.1113740086800545 17.837739144279897 0.23446810136639812 0.2464754528294217 -0.9403587403720816 0.7324391341621993 0.5912387194566775 0.33759397412121556 0.0 0.0 0.0 0.0 0.0 0.0
15.94257784341878 7.099740028845035 17.847401352688017 -0.18487156275076638 0.6499369048194943 -0.7371597690051629 0.7324391341621993 0.5912387194566775 0.33759397412121556 0.0 0.0 0.0 0.0 0.0 0.0
16.437517731483283 7.236259186913913 17.689027968556648 -0.5339754292912156 0.8064764603030711 -0.2539014767390908 0.7324391341621993 0.5912387194566775 0.33759397412121556 0.0 0.0 0.0 0.0 0.0 0.0
16.810737903639293 7.556614679484694 17.47277773481358 -0.6802131026508424 0.6566221249501429 0.3258182315464764 0.7324391341621993 0.5912387194566775 0.33759397412121556 0.0 0.0 0.0 0.0 0.0 0.0
17.02890347764311 8.026647206098506 17.330797777203415 -0.5680264457568106 0.25730606619216545 0.7817541462772026 0.7324391341621993 0.5912387194566775 0.33759397412121556 0.0 0.0 0.0 0.0 0.0 0.0
17.11758740546368 8.555332658596967 17.36701870183507 -0.24003704522404118 -0.2397648690402303 0.9406885906048998 0.7324391341621993 0.5912387194566775 0.33759397412121556 0.0 0.0 0.0 0.0 0.0 0.0
17.151554881272656 9.029363701653496 17.61766962029392 0.17914644199472254 -0.6457451218694047 0.7422397118872711 0.7324391341621993 0.5912387194566775 0.33759397412121556 0.0 0.0 0.0 0.0 0.0 0.0
17.22635879417118 9.356197123861493 18.037514104432077 0.5302692007309067 -0.8063960066176958 0.2618015570374604 0.7324391341621993 0.5912387194566775 0.33759397412121556 0.0 0.0 0.0 0.0 0.0 0.0
17.422037588061258 9.499212550987702 18.517036261734525 0.679933824481167 -0.6606835662296698 -0.318099386419495 0.7324391341621993 0.5912387194566775 0.33759397412121556 0.0 0.0 0.0 0.0 0.0 0.0
17.772707318635966 9.49162513840342 18.924047653893634 0.5712802204237103 -0.2639663929908251 -0.7771490546375582 0.7324391341621993 0.5912387194566775 0.33759397412121556 0.0 0.0 0.0 0.0 0.0 0.0
18.253600393431615 9.423866578231163 19.153907894595083 0.2455877093313495 0.2330360262279746 -0.9409468037595193 0.7324391341621993 0.5912387194566775 0.33759397412121556 0.0 0.0 0.0 0.0 0.0 0.0
18.790475194296775 9.409228587570064 19.169279281772617 -0.1734076785435268 0.6415041629281812 -0.7472631303416208 0.7324391341621993 0.5912387194566775 0.33759397412121556 0.0 0.0 0.0 0.0 0.0 0.0
19.287821709381657 9.5408214910334 19.014312014876108 -0.5265225901179408 0.8062541427543278 -0.26968170013365517 0.7324391341621993 0.5912387194566775 0.33759397412121556 0.0 0.0 0.0 0.0 0.0 0.0
19.665147383482097 9.856200051706407 18.79787079594859 -0.6796027667182856 0.6646946938976882 0.3103563167926663 0.7324391341621993 0.5912387194566775 0.33759397412121556 0.0 0.0 0.0 0.0 0.0 0.0
18.849624063420155 10.653833684383633 19.170298376099787 0.6796027667182856 -0.6646946938976882 -0.3103563167926663 -0.7324391341621993 -0.5912387194566775 -0.33759397412121556 0.0 0.0 0.0 0.0 0.0 0.0
18.655994601240128 10.508326462338593 18.690693974715725 0.5265225901179407 -0.8062541427543277 0.26968170013365506 -0.7324391341621993 -0.5912387194566775 -0.33759397412121556 0.0 0.0 0.0 0.0 0.0 0.0
18.582385980044542 10.17903358308388 18.27256352536267 0.1734076785435267 -0.6415041629281812 0.7472631303416206 -0.7324391341621993 -0.5912387194566775 -0.33759397412121556 0.0 0.0 0.0 0.0 0.0 0.0
18.548305644629234 9.703509809704734 18.02477173008366 -0.24558770933134952 -0.23303602622797476 0.940946803759519 -0.7324391341621993 -0.5912387194566775 -0.33759397412121556 0.0 0.0 0.0 0.0 0.0 0.0
18.458243583144416 9.17486546681443 17.991468788328564 -0.5712802204237102 0.2639663929908248 0.777149054637558 -0.7324391341621993 -0.5912387194566775 -0.33759397412121556 0.0 0.0 0.0 0.0 0.0 0.0
18.237958177438657 8.7063922715121 18.13531699803113 -0.6799338244811669 0.6606835662296695 0.31809938641949503 -0.7324391341621993 -0.5912387194566775 -0.33759397412121556 0.0 0.0 0.0 0.0 0.0 0.0
17.862681835048267 8.38852191592026 18.351675972877032 -0.5302692007309067 0.8063960066176955 -0.26180155703746016 -0.7324391341621993 -0.5912387194566775 -0.33759397412121556 0.0 0.0 0.0 0.0 0.0 0.0
17.366530611666324 8.25446955541021 18.508357274558644 -0.17914644199472274 0.6457451218694045 -0.7422397118872708 -0.7324391341621993 -0.5912387194566775 -0.33759397412121556 0.0 0.0 0.0 0.0 0.0 0.0
16.82954295119483 8.26761481574869 18.49584501056095 0.24003704522404085 0.2397648690402302 -0.9406885906048996 -0.7324391341621993 -0.5912387194566775 -0.33759397412121556 0.0 0.0 0.0 0.0 0.0 0.0
16.347271742734936 8.335414485529103 18.26890275273606 0.5680264457568103 -0.25730606619216545 -0.7817541462772026 -0.7324391341621993 -0.5912387194566775 -0.33759397412121556 0.0 0.0 0.0 0.0 0.0 0.0
15.994482180458283 8.344561229424867 17.86375961266935 0.6802131026508422 -0.6566221249501428 -0.3258182315464765 -0.7324391341621993 -0.5912387194566775 -0.33759397412121556 0.0 0.0 0.0 0.0 0.0 0.0
15.796747216333825 8.2040309392776 17.38434619646974 0.5339754292912154 -0.8064764603030711 0.2539014767390905 -0.7324391341621993 -0.5912387194566775 -0.33759397412121556 0.0 0.0 0.0 0.0 0.0 0.0
15.720731968117864 7.879664314628429 16.962809629881825 0.18487156275076627 -0.6499369048194944 0.7371597690051626 -0.7324391341621993 -0.5912387194566775 -0.33759397412121556 0.0 0.0 0.0 0.0 0.0 0.0
15.68685819844793 7.407144552075362 16.7093086558334 -0.23446810136639826 -0.2464754528294219 0.9403587403720813 -0.7324391341621993 -0.5912387194566775 -0.33759397412121556 0.0 0.0 0.0 0.0 0.0 0.0
15.599537417693977 6.8784407022944665 16.67016248624122 -0.5647294136768632 0.2506261445403637 0.7862997043119238 -0.7324391341621993 -0.5912387194566775 -0.33759397412121556 0.0 0.0 0.0 0.0 0.0 0.0
15.383486549323147 6.40686709004751 16.810253358987904 -0.6804405799591995 0.6525106793535845 0.3335122643536687 -0.7324391341621993 -0.5912387194566775 -0.33759397412121556 0.0 0.0 0.0 0.0 0.0 0.0
15.012329229340525 6.084033307690481 17.026368362887982 -0.5376409935552146 0.806495497683593 -0.2459820608602481 -0.7324391341621993 -0.5912387194566775 -0.33759397412121556 0.0 0.0 0.0 0.0 0.0 0.0
14.518616627960093 5.945040199406844 17.186411748275127 -0.19058260482154793 0.6540791925579482 -0.7320236885526147 -0.7324391341621993 -0.5912387194566775 -0.33759397412121556 0.0 0.0 0.0 0.0 0.0 0.0
13.981460715813897 5.9551444636474224 17.17959031082355 0.22888130185505529 0.25316726655861105 -0.9399572781804371 -0.7324391341621993 -0.5912387194566775 -0.33759397412121556 0.0 0.0 0.0 0.0 0.0 0.0
13.496478303627324 6.022958214265955 16.95850558223494 0.5613893752656246 -0.2439271367373175 -0.7907853825798786 -0.7324391341621993 -0.5912387194566775 -0.33759397412121556 0.0 0.0 0.0 0.0 0.0 0.0
