t = 0
b = 20.0 20.0 20.0
E = 0 0 0
-0.0814599397089569 -0.16684220071745703 3.7950761598356166 0.41036302081150333 0.9024451551043841 -0.13112945198955844 -0.19178503946626102 -0.06324302933458814 -0.979397170650145 0 0 0 0 0 0
-0.34922565315069726 0.0082344890563201 3.4165890428057235 0.8790978552647776 0.4542739643758171 -0.14429873928467676 -0.16851974408801096 0.020744067731991566 -0.9854799741782894 0 0 0 0 0 0
-0.4506916544445145 0.2985583375359736 3.009978282860696 0.985454731772528 -0.13366407419792314 -0.1049423026998501 -0.08135046852177989 0.08821727430751364 -0.9927737978940822 0 0 0 0 0 0
-0.3534766560701197 0.5835251072541345 2.59327080459316 0.7398041364463187 -0.671056130392513 -0.04871867772778021 0.030603814111422267 0.08710029944229701 -0.9957293529864908 0 0 0 0 0 0
-0.08933308685255467 0.7503896057136157 2.1726757774089314 0.23703619324830216 -0.9714942218021662 0.0035805160741107307 0.12445825121571161 0.018469502047841084 -0.9920529326595591 0 0 0 0 0 0
0.23957790851181243 0.7292880965513578 1.765175051191396 -0.3491593676164981 -0.9367075610183385 0.025820169184627293 0.16247671595329957 -0.0893717230017612 -0.9826566093507576 0 0 0 0 0 0
0.5235629843289826 0.5077972437065831 1.3741127424217496 -0.8156816013952548 -0.5783494792855179 0.01324405358804408 0.13106196746756843 -0.19954056339963952 -0.9710851271859148 0 0 0 0 0 0
0.6508472216525234 0.15000436758208882 1.0047265055018748 -0.9993417671149386 -0.02042234493235584 -0.029982667110447992 0.04103940750709573 -0.27325883296974784 -0.9610647102227186 0 0 0 0 0 0
0.5729989471142738 -0.2267485903318865 0.6407698962454231 -0.8368294881434747 0.540528095403376 -0.0868664829098598 -0.07602401258438767 -0.2841295880459566 -0.9557670881064089 0 0 0 0 0 0
0.31552411133660513 -0.5129108057674366 0.2794398215573467 -0.3828454301573878 0.9126323898677624 -0.14328816270669772 -0.17962194076571072 -0.22879124258824282 -0.9567604327680401 0 0 0 0 0 0
-0.04805141697003476 -0.6123576097001826 -0.09859995332349288 0.19848791734158797 0.9650162257532428 -0.1713074157833383 -0.23769063085748804 -0.12338946119195814 -0.9634719533382005 0 0 0 0 0 0
-0.38626299616936455 -0.5133157311758283 -0.49189835034723445 0.7105862258815724 0.6823328008956987 -0.17172409385177648 -0.22836527218735977 -0.009016381164162183 -0.973533773081086 0 0 0 0 0 0
-0.5946796027654219 -0.2508931697395629 -0.9047581699332602 0.9779560512548559 0.15870539587757876 -0.13570025472839253 -0.15669442856317975 0.08099253479400535 -0.984320611063743 0 0 0 0 0 0
-0.6048184394119511 0.06004051057034234 -1.3307406642835835 0.9030675951194747 -0.4213431053842772 -0.08330009718038982 -0.05164555930730218 0.1121428215859403 -0.9923490937016972 0 0 0 0 0 0
-0.42302777039205286 0.30608781651921546 -1.7585729031725132 0.5135668023810169 -0.8577090493545835 -0.02417283904290579 0.05600115315648477 0.07774909230864946 -0.9953988896368757 0 0 0 0 0 0
-0.12240697781393758 0.38897939515102326 -2.175674652904512 -0.05831419749157317 -0.9981626515409576 0.016455255684384232 0.12345170297687134 -0.012324776978668397 -0.9922740432484045 0 0 0 0 0 0
0.18389453639520406 0.27107483458731263 -2.57343239278321 -0.6076213647781824 -0.7938145885223282 0.025586639369521658 0.12597285091866087 -0.1251208853102511 -0.9841115815244752 0 0 0 0 0 0
0.38071663655429666 -0.016848431482685194 -2.9469374174489897 -0.9476874692917301 -0.31919517152472554 0.0017038259116102942 0.06380473925870773 -0.2197153928336658 -0.9734752700505938 0 0 0 0 0 0
0.39439847086212204 -0.38244326268448103 -3.3015431733737337 -0.9588820958974404 0.2784388523625882 -0.05492660250130844 -0.033977397963846315 -0.2548536771472382 -0.9663825017414882 0 0 0 0 0 0
0.21462129139524913 -0.6971324165850936 -3.6449608848248207 -0.5801708611038237 0.8029383443329725 -0.13671791077204407 -0.10603067730043687 -0.22839738695840847 -0.967776900479538 0 0 0 0 0 0
-0.5276596847780847 0.1530160943362721 -3.7582743229181506 0.5799187756953685 -0.8109390777851454 0.07792320397007965 -0.08829128826169803 0.007601180850550147 0.9960656958588459 0 0 0 0 0 0
-0.7119800416876335 -0.07927372092173822 -3.359052215670555 0.9600702427660813 -0.2760595975218149 0.0453456455590966 -0.05070215725263219 -0.07084037233940096 0.996198239757903 0 0 0 0 0 0
-0.7161201151189196 -0.3866891446677414 -2.946807985873995 0.9479891142491921 0.31830065269693414 -0.0011548842963805563 0.047778703578631405 -0.118672651098698 0.9917832411195261 0 0 0 0 0 0
-0.5238262189096135 -0.6561353207725574 -2.5461302144386084 0.6102829137017274 0.791790891167468 -0.024938923552486614 0.16086422223780458 -0.09316589742361121 0.9825694975731128 0 0 0 0 0 0
-0.1922435619440981 -0.7774984489787957 -2.1594472570160343 0.05967662957308406 0.9981006180934509 -0.015292352476589872 0.23855267004358077 -0.006838670788176622 0.9711054814987553 0 0 0 0 0 0
0.17565805769288534 -0.6972594220246766 -1.7905420327151325 -0.5143714460597847 0.8571572068094625 0.026524296276553887 0.25393910181159784 0.10769746844366855 0.9612055908399326 0 0 0 0 0 0
0.4582592654163496 -0.4343299474350961 -1.430466236585998 -0.9031731174985661 0.42104887958791426 0.08364305605179244 0.20108953910597188 0.21340511909103518 0.9560445870396888 0 0 0 0 0 0
0.5593689605080229 -0.06261940624599222 -1.069184839509009 -0.9780276262209018 -0.15746456513533824 0.13662676558949446 0.09620422555694765 0.27449214690998863 0.9567647611977215 0 0 0 0 0 0
0.45777538311595023 0.2935036014880707 -0.6966809825486149 -0.7123368342989704 -0.6807105258481635 0.17090761978460112 -0.021594902590993104 0.2679360712417066 0.9631946438335528 0 0 0 0 0 0
0.18672803540786462 0.528395575472104 -0.30436081339568716 -0.19904134750862834 -0.964713610980703 0.17236644328442347 -0.115293703699921 0.19745941487217264 0.973507648334359 0 0 0 0 0 0
-0.1416538799279276 0.5638919507995941 0.10872406344647063 0.38330520791723877 -0.9126316281372252 0.14205854042302346 -0.1514045192992423 0.09228570918780991 0.9841544692859289 0 0 0 0 0 0
-0.4137080574911083 0.41282022958993564 0.5354912709462554 0.835934747394171 -0.5417882039293002 0.08762785049347466 -0.12051346974585063 -0.015002492173347481 0.9925983220005989 0 0 0 0 0 0
-0.5251777696988194 0.12739390500290435 0.9674752641277412 0.9993728516593081 0.020921990752919943 0.028568753372826532 -0.035190670466993826 -0.08564641789864678 0.995703925779754 0 0 0 0 0 0
-0.43527406254234385 -0.1736319050436566 1.3886312811660977 0.8159585490281549 0.5779525532143148 -0.013508978529956056 0.07653814098843101 -0.09268823771812856 0.9927491141082639 0 0 0 0 0 0
-0.1709073152194048 -0.36917633046512255 1.793033727443667 0.35022736087398554 0.9362904197628316 -0.026477264881097144 0.17554296896822538 -0.03620648842467661 0.9838057512750037 0 0 0 0 0 0
0.18465438875705378 -0.38248228977243637 2.1755998034866497 -0.23374213596542195 0.9722825430710837 -0.0055919865475860964 0.2273503475761525 0.06835722078245728 0.9714108861979573 0 0 0 0 0 0
0.5081865630203045 -0.1959253643444913 2.5342725954244685 -0.7406303725961813 0.670140792677257 0.048764425331786015 0.20860671593446178 0.18027048861993766 0.9612417952834592 0 0 0 0 0 0
0.6930869663331807 0.14118388336578105 2.8871402299908624 -0.9852500912127419 0.13496596803371416 0.10519717314646021 0.1286361578893334 0.26174141342307394 0.95652714095459 0 0 0 0 0 0
0.6790453791557493 0.5160069281408985 3.2414933671374584 -0.8783318523269866 -0.45188661454782403 0.1559860403380729 0.029073602675726652 0.2748584001734353 0.9610450486223596 0 0 0 0 0 0
0.4830797935091249 0.8043215464333884 3.60438977547555 -0.40166609992931085 -0.8959154932368524 0.18973606179570757 -0.034802898793796666 0.2366936179749462 0.9709608073683917 0 0 0 0 0 0